a=5
b=6
c=10
d=20
